data/dGb255_Merc_dx20km.grd
DSAA
546 701
-5455000 5440000
-7240000 6760000
-661.61178 691.21819
[rows 416 to 441 of 701, columns 290 to 347 of 546]
389.38416 435.66162 478.1157 512.99431 538.22098 554.21019 565.05704 570.52629 567.39645 560.73706 555.21548 550.36564 537.98405 511.1182 476.73334 440.8617 406.04222 375.74672 366.24277 365.37693 359.04368 350.49841 342.31154 332.95419 326.23841 326.47575 324.41027 310.78682 287.78932 264.41443 239.37823 209.1452 180.41587 163.43288 153.84827 141.82151 122.79975 108.89305 111.48463 114.86374 111.14211 106.47284 104.81722 102.54403 102.54186 100.31177 102.449 106.67451 115.67536 125.34771 132.75494 134.06661 135.51174 131.73614 123.51157 123.38088 128.84448 142.33534
365.48243 407.8462 443.58177 475.65588 502.20606 521.4296 535.09141 541.81507 538.56101 530.91775 524.85347 515.8086 497.98785 466.50271 422.16804 380.563 352.98574 337.76769 338.77538 342.7506 341.61546 336.59604 330.26754 324.56307 325.868 329.32723 327.41068 314.56747 289.28286 263.10737 239.22002 213.02817 189.7008 175.34371 170.11024 161.19956 143.16448 124.7257 121.24307 120.9208 115.84701 111.93537 110.24556 108.83005 109.27662 106.90261 105.98716 108.48018 117.65951 129.87505 136.58781 137.45152 136.73891 132.15151 127.3036 124.2043 130.34029 146.13035
328.00059 372.19301 407.65378 439.38141 466.76267 487.4301 500.99204 507.74293 505.73883 498.05887 490.53545 480.65299 462.41066 430.22093 378.21413 328.53573 299.81052 295.43765 307.44344 315.87833 315.00726 317.42283 320.34706 320.94942 327.34084 330.0686 327.44248 315.39261 289.40359 259.72782 235.67734 214.73671 201.6372 195.00273 187.83898 176.21985 159.94953 145.64475 135.62265 129.94366 124.51683 117.77367 112.12108 110.72654 113.02188 111.24775 110.68905 115.9883 125.83686 136.6047 142.72952 142.10973 139.5492 136.00062 133.70393 130.05752 136.42478 149.73314
279.54852 329.88636 373.27071 410.68044 440.787 461.52293 472.57068 477.09358 472.98696 464.52405 459.6359 452.64498 434.37505 402.04044 352.67704 297.94998 261.16467 253.15574 268.03839 281.54005 284.2581 296.19056 308.15188 313.89224 324.06612 326.31458 323.29837 312.07273 286.64056 257.79341 238.14391 224.05887 213.04707 205.97886 198.49939 187.25667 170.31921 154.94343 145.23416 140.915 135.39956 127.49074 117.81884 113.59274 112.55427 111.68941 115.32813 123.99705 134.14108 143.3098 147.61521 148.17719 145.30824 141.75029 137.68099 136.11747 144.62097 155.44179
228.22324 279.63187 335.34883 383.94531 419.75771 442.25646 453.47151 456.05161 449.7261 443.43002 440.34126 433.9182 414.12593 380.61107 337.57234 286.44539 243.26834 225.09166 232.92914 242.8627 251.42045 272.8525 296.10109 307.17667 314.29664 314.86553 312.38371 301.99924 280.6484 259.31556 243.51231 231.69571 219.38519 208.124 199.53273 188.39506 172.9186 154.96974 147.69696 144.92277 140.19208 133.55073 125.21535 118.73729 116.05628 114.96418 120.96683 128.6439 136.68788 144.825 149.41592 152.5508 150.92613 148.0587 144.29617 145.44326 157.96676 165.55069
184.5026 231.444 293.52352 353.1192 396.56632 424.87083 440.82885 445.125 441.2186 434.46579 427.6401 416.37784 395.6502 364.48071 323.46243 277.42721 239.33199 220.32512 216.87396 221.95924 238.79205 263.71757 284.64923 295.42612 301.88116 303.28342 299.99595 289.42982 269.01462 253.31657 244.65562 235.65987 224.23387 209.75642 196.29537 184.35282 171.06623 156.13798 150.54473 146.77069 141.89137 136.52298 130.86585 124.64556 119.03358 120.9395 127.18454 133.0257 136.08585 141.4294 150.86592 157.02421 155.68422 151.88384 151.31149 155.777 163.56055 166.35783
144.75679 185.14731 246.48159 311.39955 364.11428 402.3459 427.63253 433.44658 426.00532 415.85019 409.22837 396.37233 376.60725 348.06252 308.80785 265.71476 231.15711 210.14673 203.37974 211.2148 234.61 257.24722 271.11034 280.09027 283.10306 285.42111 285.71076 276.14568 254.90986 242.12254 241.62223 237.18549 226.95778 211.6974 195.09959 181.90507 175.25523 165.9582 157.19634 150.83672 143.25907 139.97271 134.61384 128.34702 125.39272 125.38792 128.2387 133.63262 134.05822 142.68351 155.83664 164.07016 162.03045 157.25037 158.18573 162.86945 163.94711 163.03412
112.47081 143.30976 193.85799 253.31397 310.18143 361.0312 397.94303 408.74122 403.5725 396.10854 391.42205 377.45951 354.57686 325.27715 285.98601 240.4448 205.59447 187.79248 189.14381 204.23951 225.79383 244.79075 255.2164 261.59041 263.66547 268.11403 270.08048 262.18368 247.42113 237.76308 235.76228 233.32097 226.69666 212.89924 198.16173 185.4 180.3959 174.86548 163.75155 154.85223 146.74863 140.95371 135.8134 133.19947 133.74548 128.93023 125.75288 129.17371 135.11101 145.67441 158.52582 164.36331 161.6658 159.58201 162.43502 168.57912 166.81557 164.23609
85.982966 103.65119 141.84947 189.1958 242.21916 300.93537 348.59329 370.00292 373.46886 372.12966 367.99692 350.59479 322.18617 289.54201 250.02623 207.28073 180.58439 173.0533 183.95337 198.72777 213.47959 225.02844 231.9139 239.82582 247.2845 254.09948 253.48622 248.66172 241.83144 234.51317 230.67167 231.67574 227.64663 213.98728 201.6175 190.00466 185.02189 178.68538 170.30016 162.41682 153.26286 144.28758 139.10635 138.05846 136.41735 129.76269 128.21781 131.27107 138.51429 147.90769 158.28777 163.72716 163.50103 163.34175 164.66514 166.50844 165.67503 164.96888
68.24844 76.597017 103.52053 141.78068 189.62349 243.03382 287.40914 316.25877 329.00492 331.61739 328.31525 311.16944 279.57606 244.80916 210.79682 178.27809 161.34499 164.54827 182.92438 193.79928 199.62066 204.53873 213.05986 224.27887 234.45446 240.80074 240.81459 239.87547 236.88176 233.78059 232.19116 237.05979 237.30672 222.54287 209.00767 194.03454 186.95236 179.80065 170.39118 164.74094 158.51988 146.38846 136.38769 135.52014 132.89745 128.7961 128.93545 134.07996 140.23048 148.71315 156.23459 161.83736 164.74032 164.73126 164.18976 165.22362 165.38442 165.54976
57.818147 60.140648 79.553006 108.28888 147.62344 190.00876 221.84054 250.53108 269.88123 276.141 273.6145 259.7548 234.33386 208.1123 184.97578 162.89554 152.00402 160.20441 178.17639 186.89411 188.93088 192.41956 203.28648 215.98921 226.32961 232.95281 236.19157 240.01437 238.94709 236.39578 234.96479 236.25466 237.09755 228.77638 214.74843 198.77317 187.94158 178.5456 168.00726 160.36045 155.25244 145.89898 135.72088 130.91709 128.30726 126.88176 130.51845 135.80749 141.13176 148.65428 152.5543 157.04601 163.06657 165.62346 164.79539 167.08753 167.7666 172.22866
61.491155 59.548496 70.799071 93.367162 119.77314 147.27045 170.25574 191.1921 207.5533 215.13 216.02202 209.5546 195.58788 185.87412 176.25106 161.63075 156.07561 164.7974 176.35228 180.04025 182.53026 188.54693 198.38535 212.22372 221.90205 228.62029 234.12714 240.51984 240.17291 234.82163 232.04342 232.765 234.87157 232.51512 224.02948 207.66105 195.43494 183.91774 172.24552 161.53807 151.18157 142.87609 133.83128 128.65256 128.20637 130.79039 136.07763 139.79755 141.21907 145.16664 149.73599 154.53946 161.63642 167.38982 167.97253 168.96284 171.86332 177.68552
76.939738 70.524165 76.010264 93.345252 113.58548 129.46157 143.75536 155.59871 164.41379 170.04709 170.88648 169.6531 166.1224 168.84425 174.97778 172.42802 172.48722 178.69993 182.28173 179.98713 181.39549 187.73431 196.75796 208.20659 216.9779 224.23107 229.94117 235.8537 236.30263 230.05525 225.41928 226.46113 229.48485 228.7569 225.1771 214.37871 204.13692 190.11243 175.92664 161.77578 148.99961 137.93757 131.56244 128.24844 130.17931 137.09682 144.25465 143.51302 141.58108 143.53293 148.49735 153.86705 159.07901 163.68719 167.67186 170.32618 173.65844 177.13989
93.856201 84.955785 85.270414 94.749023 107.58926 121.01008 132.61792 138.52207 140.93979 139.88018 137.60513 140.12626 146.09906 159.03687 179.93612 195.82506 202.28781 200.62316 191.52575 182.29645 180.91322 187.30314 197.09504 203.62734 209.86898 217.51013 222.23248 225.0838 225.86326 221.53929 215.54292 217.02083 222.02642 225.29205 225.41953 218.05234 207.17402 192.14009 174.86343 158.96679 145.76727 137.00118 131.74234 130.80088 131.80083 136.91232 147.16233 145.06551 140.80729 143.91556 148.57455 151.64064 152.38277 154.95149 161.87584 166.95249 169.50611 172.94549
114.4505 101.69809 94.61447 95.468448 103.01682 115.75414 124.85413 124.47154 117.60176 110.98425 112.11468 121.27468 133.9605 155.45794 191.03587 225.69572 240.57214 230.36313 205.61975 185.22487 178.15159 184.30672 194.7594 198.28242 200.86137 206.78596 211.33233 211.81706 209.29956 207.65371 207.84622 213.06415 222.63978 229.39722 230.13373 223.04767 210.45825 191.61122 173.68345 159.72314 148.76025 141.77483 134.91368 132.56856 130.66127 133.67584 142.79055 143.53097 142.63891 144.40106 148.11917 148.52554 146.0919 149.03014 156.64219 161.30073 162.15414 166.66634
130.5871 119.6764 112.47639 105.77447 104.68797 110.28062 113.30079 108.3772 98.156953 92.101078 98.147437 112.53449 130.75399 156.15925 195.73082 238.46519 256.40032 241.11559 211.3916 186.23444 175.74809 179.2116 185.46698 186.64725 188.68058 194.52894 198.88378 200.11776 199.4034 201.67472 207.54328 214.98217 223.27639 230.23871 233.24441 227.18035 213.68037 192.44304 172.82134 159.91308 152.86186 148.55193 142.37195 137.46712 133.85667 135.70973 141.08039 141.6735 142.17137 144.04458 147.01311 147.15218 147.36705 151.04519 157.08184 160.31148 160.41852 163.89899
144.77202 136.39706 130.26251 123.1375 117.11456 110.29945 105.19539 95.76615 82.896979 79.510505 89.91487 106.78319 127.42493 151.92215 186.17843 224.30287 239.60861 224.78985 199.49797 177.71196 167.4134 168.6578 171.26985 170.29087 173.5019 182.86146 189.82489 195.1975 198.69645 203.76589 211.86836 220.82598 227.84607 234.13558 240.00071 236.32707 222.93662 200.25324 176.7108 162.73266 155.02833 150.13117 147.27467 142.69425 139.05455 139.7029 141.84827 143.13418 143.63723 145.07944 148.95794 150.9278 153.46661 155.35849 157.72135 160.84492 163.09173 165.8807
154.80202 147.70069 142.46551 136.70613 128.17012 115.89347 103.63978 91.25233 76.599419 71.62521 81.902618 99.148423 120.28279 141.45952 164.75496 189.47728 199.01728 188.87679 172.80437 159.91637 154.48729 154.08594 153.30903 155.49839 163.27299 175.6983 185.95106 195.98163 203.52568 211.46698 221.80615 234.28671 244.4409 250.14573 256.41429 252.30762 237.44921 211.44605 184.5936 166.46144 156.34097 152.63472 151.04572 146.6528 142.58804 143.32401 144.37493 145.51978 146.46326 148.29244 152.99528 155.60796 156.54223 155.7069 156.77812 159.30967 162.62982 165.52397
161.89512 157.46892 152.49653 144.06249 135.36445 123.05662 106.95351 91.392192 79.81887 74.990092 78.286463 91.735057 110.64384 125.90399 136.43606 147.51906 154.24681 150.41568 143.22948 139.93341 140.0014 138.58119 139.28751 147.20229 159.39486 172.33019 186.46208 202.56854 214.30798 225.23963 238.40513 253.93693 266.39021 272.7797 277.43635 271.66261 252.20645 225.14032 197.913 176.45898 164.74644 161.8774 159.88488 154.13977 149.10623 147.79781 147.09836 147.69385 148.50292 150.12446 153.58208 154.46778 152.93234 151.96469 156.34575 160.48755 160.6613 162.88374
176.64623 172.67904 164.87734 153.63696 144.86692 129.88106 112.66357 97.395054 86.849377 83.126948 84.484212 93.508655 104.51992 108.95029 111.11031 114.88656 120.22365 122.11964 121.22458 123.73179 127.35455 128.14277 132.78279 144.36298 161.25639 178.80599 195.55138 213.35815 228.50967 241.80686 257.77215 275.42354 288.71875 294.31475 294.37019 286.25558 267.1227 241.92847 217.29832 196.97795 181.85174 173.91587 168.37289 160.88807 153.45524 148.80412 146.06163 146.75618 148.92235 151.7399 152.18259 150.824 150.19215 150.58471 155.7388 161.39277 163.94637 165.0583
193.77045 188.89635 178.56734 166.07021 156.33467 140.33111 120.91446 105.23838 93.015259 87.660237 91.000085 96.609117 100.32788 100.17054 99.264073 98.851887 102.38064 107.0643 110.1531 112.94359 117.67032 122.62734 133.16711 148.72421 168.93574 190.43277 208.3602 225.09425 241.92996 257.57897 273.19056 288.28255 300.86854 306.84042 303.86838 293.71061 278.01594 257.08401 233.64296 211.68573 194.02006 182.97503 174.20515 165.03564 154.2451 149.16135 145.69848 144.64459 147.32404 151.18091 151.07591 149.63854 149.73249 151.3503 156.59722 164.56818 171.07439 172.76184
204.084 199.98764 191.98094 180.62473 168.05641 151.74551 131.72154 113.82103 100.08883 92.905569 94.134172 95.180387 94.900437 92.674121 91.188635 91.7393 93.597724 97.024914 101.64074 106.41948 114.70885 125.87442 142.02505 160.17055 182.32866 205.45447 223.24713 238.17806 253.79376 269.3019 282.55842 294.29215 305.90842 312.07845 308.87658 299.19574 286.77828 268.1352 244.47127 221.68806 201.96034 186.61962 176.21572 166.25164 153.61772 150.48274 147.33155 145.0024 147.16824 150.02355 150.1241 151.30694 153.25277 155.4361 161.74502 169.7501 175.85194 178.98255
206.43663 204.48919 199.09808 189.63277 174.85049 158.45005 139.93958 120.69557 107.14514 100.3952 98.383478 95.647178 92.773472 89.470371 85.248973 84.255155 84.699627 87.005156 92.892614 101.49678 116.25155 134.90451 155.13339 174.99832 195.94919 215.16679 231.85107 249.51585 262.21595 274.85576 284.40399 293.46331 303.82056 310.16055 307.92585 300.09947 289.73501 273.89862 253.06452 231.26913 209.60861 186.42989 171.68937 161.85608 155.32752 153.44339 149.75681 148.20343 150.44358 150.50625 150.05328 152.56789 157.81549 162.73515 169.24367 176.0949 180.44736 181.91965
206.47669 202.02059 196.87339 189.28161 175.73768 162.28238 148.33417 132.49504 119.66434 111.40929 106.3849 102.00138 98.800013 96.096173 89.599888 82.879161 79.330258 81.247991 90.283792 102.45354 120.39554 144.14652 168.8168 189.64291 208.62255 224.0102 238.0065 253.04834 261.62751 270.29174 277.32773 283.69016 291.9039 299.1372 299.17713 293.06126 284.45778 272.21369 256.96991 236.51266 212.1203 188.57557 170.29957 159.96294 156.7549 154.88541 152.74146 149.40759 149.61081 149.01609 148.71794 151.65595 160.69721 170.69054 180.13344 185.69778 188.15102 186.11431
206.59287 198.039 192.53423 187.45033 179.95216 170.26291 158.68949 146.73564 135.70656 126.39965 120.15027 116.04322 113.53434 110.73836 107.05343 99.57575 89.318488 87.454321 98.249988 112.8757 131.24673 156.21831 181.83009 200.88814 216.6133 230.38614 241.01701 248.15603 250.76691 256.01561 262.07534 266.90595 274.00925 281.07208 283.58494 279.88722 274.25935 267.41344 256.44784 237.69585 212.4475 188.8737 169.29495 159.17013 155.43416 153.93455 153.83634 148.44003 146.63233 147.11139 149.42989 154.82714 165.75853 178.55952 189.51148 194.73817 195.95758 192.07949
210.593 199.92861 194.22691 190.13285 186.38218 180.05807 172.9822 165.67588 155.21975 143.93062 137.67912 134.76701 131.51303 126.71325 121.71172 116.3077 106.19805 102.78041 114.80577 130.66989 147.69311 167.45516 189.49923 205.35816 216.33823 225.91699 231.17488 231.99852 231.72631 233.7656 237.67611 243.67924 252.30559 260.4406 264.81624 264.50457 264.56831 264.1227 257.31281 237.70213 211.33222 185.92391 165.51197 154.47406 151.29253 151.1596 152.3573 149.74309 147.71783 149.93029 153.8288 159.91738 168.87601 180.78185 191.56765 197.11357 197.34874 192.59524
