data/dGb255_Merc_dx20km.grd
DSAA
546 701
-5455000 5440000
-7240000 6760000
-661.61178 691.21819
[rows 312 to 337 of 701, columns 58 to 115 of 546]
-85.064978 -101.32424 -112.24542 -126.92393 -160.2146 -181.20878 -192.71224 -207.87487 -225.45373 -242.25882 -260.83366 -280.26688 -301.32739 -314.71014 -322.97803 -330.92963 -335.28388 -341.71212 -353.25108 -359.24259 -360.74455 -368.03718 -371.20315 -364.29428 -357.93985 -350.54882 -342.4522 -344.10456 -353.63748 -363.32858 -363.70937 -364.80294 -367.08857 -362.26682 -356.05903 -344.34461 -336.2801 -330.91245 -321.4991 -303.07929 -286.68613 -283.49649 -287.44345 -302.42008 -307.89357 -298.18879 -283.8249 -269.75569 -264.26196 -264.3569 -268.61227 -264.52316 -269.43619 -265.80834 -258.72744 -259.8989 -263.27503 -262.2329
-104.47961 -122.06334 -134.98661 -148.24049 -172.40699 -193.33674 -215.42051 -244.16683 -261.87377 -272.27796 -276.94083 -288.42589 -300.46775 -312.85656 -325.04048 -333.6863 -348.29887 -359.26332 -359.41302 -361.23919 -365.79184 -372.23852 -370.51283 -359.08735 -346.20566 -340.52313 -341.59406 -347.33136 -353.12374 -357.05665 -364.17387 -368.93099 -367.88264 -365.58865 -360.43376 -352.00338 -340.62874 -333.35474 -323.09914 -309.21041 -298.09507 -296.49183 -298.24962 -307.1259 -306.14143 -291.76432 -270.83513 -256.90155 -246.14879 -241.39925 -244.28236 -243.03349 -254.50751 -251.2908 -238.75972 -238.21663 -246.5222 -251.61844
-140.11869 -160.66887 -172.4296 -183.92187 -193.58709 -209.06429 -241.2738 -271.57885 -289.43634 -295.88569 -290.446 -294.04852 -303.59962 -316.32081 -330.78646 -343.13682 -354.37527 -358.53378 -357.59643 -358.68595 -363.59135 -365.56044 -359.1616 -346.84225 -334.79842 -333.65511 -341.51234 -351.73934 -353.32691 -358.52396 -363.50038 -365.81933 -364.97668 -367.47343 -361.69959 -361.46004 -352.81606 -339.74693 -324.36664 -315.31196 -310.24182 -307.23773 -306.43269 -306.20605 -301.79452 -281.2397 -259.56888 -234.62197 -210.38318 -205.64875 -213.26102 -218.62759 -228.94525 -230.623 -227.48992 -231.40992 -242.67987 -247.83922
-182.39921 -205.25389 -214.37146 -216.76143 -212.47088 -231.08603 -253.85944 -280.27909 -298.87966 -304.12073 -299.60115 -305.20068 -318.30267 -328.97043 -341.99996 -349.04182 -358.51415 -359.92137 -362.56321 -363.75357 -362.0713 -355.75007 -347.44185 -338.93739 -332.95542 -334.45736 -340.55755 -349.27842 -360.27997 -369.57249 -368.30077 -368.89207 -370.16986 -367.14718 -366.72697 -368.45545 -366.95465 -352.69583 -338.10775 -328.37381 -321.66844 -316.56613 -310.68715 -304.31387 -292.10221 -276.91804 -258.44851 -230.62468 -195.5735 -178.39122 -181.8626 -195.0651 -209.05275 -221.13325 -228.75717 -243.74579 -251.89237 -253.97537
-209.40321 -224.38179 -232.93404 -225.89313 -225.7578 -248.06445 -262.37205 -279.80718 -293.6293 -300.06116 -301.80985 -316.61495 -329.61701 -344.42199 -357.7532 -361.68121 -367.97058 -370.85474 -373.93923 -370.62401 -368.64448 -358.74757 -346.49229 -341.88682 -339.42769 -339.74001 -345.91101 -352.66414 -365.13905 -374.89944 -373.55817 -375.67291 -377.13757 -376.85344 -376.79553 -375.28079 -370.14894 -358.04254 -348.13782 -339.11921 -331.07731 -325.90065 -319.43143 -308.06737 -286.59182 -274.36964 -259.56294 -230.19042 -194.02293 -166.7816 -158.66833 -172.91749 -193.96662 -214.72723 -233.69717 -253.23675 -265.47385 -266.3753
-225.61831 -230.09863 -228.26465 -225.38276 -248.0284 -270.81055 -281.49022 -286.2543 -295.72307 -306.55527 -309.88408 -318.93435 -333.14963 -349.42059 -361.40761 -378.21716 -383.81188 -384.45586 -386.80705 -382.75467 -377.50314 -360.59395 -347.81814 -346.15492 -344.16149 -347.17051 -349.62427 -354.59593 -359.46304 -364.90488 -373.0718 -377.23654 -381.52607 -381.01823 -384.41913 -383.00137 -379.60565 -366.93295 -354.5393 -345.54724 -339.64448 -338.44216 -337.57553 -328.14905 -297.91438 -280.51888 -264.35439 -233.70379 -198.65803 -161.31951 -151.35549 -171.36438 -197.06661 -220.17592 -241.83071 -261.59627 -279.08206 -291.14975
-234.9314 -239.31726 -243.03871 -250.6262 -276.47315 -295.63881 -298.45148 -303.13017 -308.6102 -321.68445 -320.6508 -324.93152 -338.18863 -352.90171 -365.52122 -383.52679 -390.22141 -390.69152 -393.98057 -388.98312 -378.38735 -360.40697 -347.2258 -342.98166 -343.46434 -347.68007 -348.58252 -345.55197 -347.18883 -353.17136 -363.90993 -375.48809 -379.46849 -385.61933 -390.44124 -388.04845 -381.55792 -373.57771 -367.20646 -357.3335 -349.19644 -347.68481 -350.27793 -345.30181 -321.04083 -300.94184 -285.03392 -261.99855 -223.60491 -181.53847 -169.77669 -188.84097 -216.08841 -240.10201 -255.9386 -270.84828 -290.62935 -305.40783
-252.38927 -265.56118 -277.76161 -282.90377 -298.24379 -303.56111 -305.95383 -323.48596 -330.7214 -333.43733 -336.63543 -342.57523 -344.2804 -351.59588 -362.40004 -378.92508 -392.80668 -395.95982 -394.21438 -383.32414 -372.37655 -360.51525 -347.63376 -335.58351 -334.57075 -339.14228 -342.43299 -341.07466 -340.18738 -344.76642 -353.85613 -366.7738 -380.01921 -390.12338 -397.13461 -392.91437 -380.32806 -373.38268 -366.46866 -361.62302 -359.76594 -361.70286 -361.16643 -357.98561 -336.93605 -320.77297 -303.44536 -284.75239 -254.04515 -220.98718 -210.24298 -223.74785 -246.01786 -262.71114 -274.46295 -292.77141 -306.59201 -313.42116
-280.80733 -298.19186 -319.18136 -326.99318 -320.41449 -312.13228 -323.82325 -332.52394 -344.59724 -347.04078 -354.7692 -358.9695 -351.19291 -353.35257 -360.47758 -373.66534 -386.22818 -389.02816 -384.92935 -372.36887 -361.29999 -353.10117 -343.18034 -332.43701 -327.48752 -333.74678 -339.99554 -345.52379 -349.06889 -350.04191 -357.71484 -368.57552 -382.65971 -392.66972 -402.15466 -398.31001 -394.34337 -385.70973 -380.49015 -369.28435 -365.35728 -367.01932 -368.59761 -367.58993 -357.62486 -345.18379 -324.45182 -305.00378 -278.8588 -259.97385 -251.58974 -257.03002 -271.8965 -289.82866 -301.90602 -315.21745 -321.01814 -323.59778
-307.21511 -324.01234 -341.80737 -344.5539 -333.59894 -333.37933 -343.49018 -349.32858 -356.06651 -357.29678 -362.44636 -363.53118 -365.76046 -364.29786 -363.12398 -364.83637 -376.46372 -376.72835 -370.43444 -363.09538 -354.02612 -350.54041 -346.61565 -336.76916 -331.27216 -335.06187 -344.4198 -354.28437 -362.4537 -363.8976 -369.9704 -380.24511 -391.46752 -406.33164 -408.817 -405.44143 -398.25027 -387.62419 -385.97102 -386.08124 -385.26266 -380.7454 -375.06046 -372.3633 -365.20129 -350.72285 -333.55974 -320.94387 -307.30232 -292.29862 -285.11612 -283.81985 -289.44557 -307.42465 -323.47405 -337.55274 -340.68132 -336.22524
-332.29164 -344.6187 -359.48443 -366.45379 -364.86056 -362.04075 -359.31576 -365.38706 -369.24158 -372.10284 -374.24444 -378.55197 -379.57857 -369.79422 -367.24615 -363.24452 -362.53709 -358.20001 -355.88627 -357.45883 -358.50721 -356.31883 -356.36745 -346.61476 -340.13122 -344.79638 -353.4184 -366.6886 -377.2077 -379.97855 -382.41227 -391.99607 -395.34316 -408.59426 -414.23726 -406.31313 -397.48127 -388.1663 -384.31208 -390.57117 -394.42975 -393.71009 -389.18661 -381.22931 -372.34984 -358.24617 -345.34208 -336.97967 -334.74666 -321.40474 -315.11288 -309.42345 -316.4444 -321.48015 -330.45049 -348.4101 -356.80899 -352.55757
-358.38365 -364.72997 -374.8489 -378.66212 -376.41766 -373.44642 -375.41586 -379.7912 -384.89968 -387.5359 -392.6564 -398.28386 -393.18171 -378.52221 -376.85274 -372.45283 -361.58343 -350.52622 -349.02736 -356.29575 -362.73389 -360.92009 -367.66491 -365.19948 -359.62229 -358.40924 -361.19676 -374.63277 -391.36964 -402.601 -402.32451 -400.31096 -398.83706 -405.60537 -410.36565 -406.00649 -401.46373 -399.1197 -394.67968 -390.21169 -394.54203 -400.4702 -395.97011 -385.29928 -382.03608 -373.86856 -361.12873 -355.16071 -344.59023 -327.02934 -322.61746 -319.21583 -328.32907 -339.16245 -348.58708 -359.80098 -370.57742 -365.64218
-377.00901 -377.77453 -378.32647 -380.14803 -375.07926 -374.50452 -376.43137 -382.95593 -393.37372 -398.722 -401.3274 -412.96029 -411.29672 -399.90889 -395.14812 -381.39936 -371.61169 -363.99171 -361.10764 -357.45344 -362.33973 -362.53795 -372.33465 -375.45998 -375.52996 -373.61947 -373.40619 -387.19821 -403.08208 -411.11493 -411.4094 -402.36086 -394.65346 -403.09642 -410.83208 -410.38949 -412.37067 -413.25035 -406.5526 -396.79131 -392.30002 -398.64619 -399.52875 -392.54873 -385.25672 -369.91259 -361.84994 -363.84925 -345.01434 -326.36605 -318.29755 -320.73346 -332.79047 -343.92795 -356.78049 -370.69033 -378.98657 -380.98706
-374.43248 -369.7429 -378.49007 -379.72537 -374.78019 -376.99055 -379.50674 -388.56725 -399.87579 -409.62616 -416.02815 -416.4256 -419.93963 -412.54748 -396.78042 -388.72793 -381.579 -380.52261 -376.89851 -374.16844 -371.27943 -373.44817 -380.40377 -382.88031 -380.45949 -379.4779 -388.47752 -398.42454 -412.36188 -418.1847 -411.78519 -400.29144 -394.03322 -402.93212 -413.83022 -420.67672 -423.35083 -421.35988 -420.14991 -415.74002 -413.31926 -417.27588 -415.84267 -408.43514 -391.98306 -381.3007 -372.21691 -367.46946 -339.42105 -324.7918 -323.55009 -329.13155 -338.53757 -348.17339 -362.89698 -370.33832 -378.10559 -387.26346
-375.25022 -376.05682 -380.46378 -375.92531 -380.07473 -386.34947 -388.46357 -393.71754 -403.94679 -415.26731 -421.30626 -415.10963 -419.36307 -415.40151 -402.16862 -397.32953 -392.94428 -392.57375 -391.66686 -390.87222 -387.48121 -383.90182 -386.62612 -385.76244 -384.13671 -386.47385 -397.89428 -403.18281 -413.28205 -424.84581 -417.25819 -405.12485 -401.20532 -409.68566 -416.91971 -417.75406 -420.32926 -431.71574 -437.424 -433.68032 -435.83771 -430.93374 -423.38091 -416.13634 -396.38215 -396.19075 -383.25286 -367.68873 -337.90191 -330.58386 -337.67374 -338.91266 -345.03797 -355.75796 -361.6107 -369.56613 -382.20397 -390.39079
-384.0249 -391.75482 -394.24763 -393.40775 -401.74654 -404.46037 -402.94308 -403.38235 -410.91673 -419.25918 -423.74689 -419.89401 -423.86498 -419.25176 -410.65962 -410.73726 -409.10229 -400.69785 -402.13497 -403.62727 -400.04597 -394.78642 -394.37565 -395.84466 -398.72817 -401.09899 -410.29144 -413.95198 -420.7452 -426.75304 -425.79716 -419.69201 -417.11868 -425.18269 -429.59356 -427.91135 -429.67355 -438.88707 -448.20333 -443.96334 -436.35608 -439.37055 -432.961 -423.24838 -406.79569 -409.48569 -392.34097 -377.12081 -354.45224 -348.36302 -354.14447 -359.42237 -363.73315 -365.32116 -367.02061 -374.06844 -385.06889 -394.53094
-403.01392 -404.44333 -401.88281 -407.83462 -414.11236 -418.53352 -417.85437 -416.32672 -417.09638 -423.55504 -427.23628 -426.24141 -431.77586 -423.33842 -417.84772 -419.29791 -419.38605 -412.17613 -411.9006 -416.87377 -419.41926 -415.1014 -412.80952 -413.38397 -414.24397 -415.44951 -421.53649 -424.48154 -429.33889 -435.43415 -436.15627 -436.50638 -435.28585 -444.35126 -450.62537 -445.35466 -444.5429 -451.29035 -457.33907 -455.57847 -440.80227 -429.17539 -433.1695 -421.31621 -411.86014 -416.88367 -393.07086 -383.52761 -368.4521 -368.25777 -374.28854 -381.47929 -383.95972 -389.78998 -390.54913 -394.6731 -396.66536 -401.50853
-414.55662 -412.06811 -408.50156 -411.56417 -414.22571 -418.04146 -422.45201 -420.55035 -420.10183 -426.64913 -425.92588 -428.44766 -434.24283 -430.34295 -425.89745 -427.70787 -424.40977 -418.11713 -422.07903 -428.92482 -437.76053 -437.03163 -431.44677 -430.50372 -429.28741 -429.14689 -434.80708 -437.0956 -439.03652 -446.15481 -454.29709 -456.56378 -451.45182 -453.14768 -460.22958 -455.32594 -451.58648 -448.66969 -453.42122 -454.01023 -440.38275 -428.46086 -429.85039 -424.84716 -424.75668 -416.9771 -398.17405 -379.89479 -374.98897 -377.61686 -384.26611 -393.40809 -398.37368 -402.90421 -410.22573 -409.24594 -403.96236 -403.16425
-410.50707 -419.76906 -422.7749 -422.30347 -418.8555 -419.32315 -422.43408 -422.20557 -422.22179 -425.87844 -427.16038 -427.1853 -432.39724 -438.45403 -435.0616 -434.70256 -430.30307 -427.29432 -430.18347 -435.7334 -443.15588 -449.72571 -445.58891 -446.09118 -443.72631 -440.59639 -443.07885 -445.5229 -446.14417 -447.71902 -457.56526 -465.53087 -467.58376 -465.67374 -464.398 -457.67256 -454.78413 -447.60597 -438.82663 -445.08907 -447.08601 -440.26327 -446.99782 -438.28872 -423.66164 -413.74304 -405.4079 -387.23059 -385.99864 -390.18383 -396.89113 -402.4726 -411.1372 -416.54525 -416.80988 -419.05873 -413.18329 -405.15661
-410.19936 -427.85998 -436.52886 -435.54173 -426.75321 -428.70491 -427.80981 -425.14325 -426.45483 -430.44017 -430.4138 -428.61239 -438.06124 -448.7186 -443.92781 -437.28176 -435.60922 -432.58074 -432.97373 -438.81307 -449.30104 -456.96021 -455.95202 -456.40396 -451.46137 -449.43843 -450.30983 -454.40953 -455.62235 -459.99983 -463.70332 -470.63532 -474.05937 -475.63819 -474.88988 -467.80199 -452.54506 -444.90158 -444.73544 -441.18335 -445.52949 -446.0383 -445.76994 -426.68087 -410.22564 -390.19759 -386.97685 -384.85834 -391.64939 -396.41039 -399.82768 -400.8232 -410.90211 -424.51452 -426.17133 -427.64466 -425.65724 -410.50347
-421.54437 -438.59741 -443.29211 -447.75822 -440.13826 -437.69833 -434.56996 -434.94441 -432.16462 -435.23341 -441.44903 -445.8236 -456.02063 -461.88244 -451.81128 -441.1483 -439.57089 -440.24241 -443.98495 -451.07177 -460.38444 -466.83831 -463.14439 -456.91532 -455.9053 -456.1417 -460.70977 -467.98187 -473.1638 -474.99857 -474.30707 -474.88833 -475.88618 -472.75761 -465.36217 -456.27511 -443.61135 -436.52558 -428.76485 -433.65369 -436.57991 -434.38915 -436.7908 -417.60867 -401.91634 -381.80895 -375.87385 -385.93097 -396.46509 -396.04507 -394.25383 -395.54741 -401.96817 -416.85105 -429.74718 -438.3012 -442.88512 -417.87784
-440.1312 -448.49067 -441.45503 -448.59424 -453.79005 -447.04497 -444.41943 -445.07641 -440.69155 -442.18308 -454.21975 -462.56907 -470.80223 -470.43461 -459.98955 -453.58177 -458.30687 -459.75036 -460.42631 -469.97393 -473.1646 -468.38638 -460.20739 -457.99193 -462.05982 -463.96362 -472.55231 -479.83575 -483.7807 -476.82924 -473.06709 -469.60189 -461.50966 -450.19565 -447.63228 -436.23271 -432.50405 -432.85674 -430.2797 -428.54989 -424.32258 -422.67728 -423.53675 -410.95408 -396.84946 -380.31639 -374.91423 -383.86665 -393.84612 -394.77666 -389.61195 -385.65107 -388.75768 -406.96915 -425.72362 -439.64975 -447.92274 -417.36352
-453.33177 -457.11301 -455.24427 -451.91175 -454.51956 -451.64865 -455.06918 -454.24551 -451.18709 -459.43475 -470.34702 -480.79941 -484.32914 -484.61992 -475.08074 -473.42141 -484.49323 -480.42077 -480.91317 -488.87945 -482.33244 -476.95871 -471.86664 -469.76515 -474.99895 -476.76188 -479.95201 -486.60148 -486.98347 -479.13574 -469.81135 -459.74452 -451.75435 -445.31209 -440.69691 -437.65092 -437.10516 -436.97336 -435.77575 -431.42075 -430.54828 -426.07849 -417.44802 -396.77812 -386.53309 -381.26891 -375.36503 -381.00766 -390.40524 -389.26127 -384.99922 -383.98936 -391.56072 -411.34339 -430.32582 -432.663 -429.35163 -406.54527
-456.9091 -470.93832 -473.0381 -468.87353 -463.97986 -458.59037 -461.57956 -464.3326 -466.06259 -478.3188 -483.12385 -483.75734 -491.70625 -488.38924 -491.36791 -498.82597 -503.31429 -497.84667 -492.76157 -494.11787 -488.87985 -488.93466 -482.88387 -479.91137 -483.0847 -485.32011 -485.10988 -480.682 -483.30457 -479.35801 -466.59123 -458.01709 -454.59276 -452.52906 -450.48353 -446.69078 -445.68821 -443.43673 -441.83992 -441.38605 -438.17398 -423.52182 -413.58062 -398.074 -383.30203 -383.87498 -390.33375 -392.96546 -389.92717 -385.82011 -382.46786 -387.45834 -398.82452 -412.90521 -428.88566 -429.32757 -412.39927 -397.57708
-474.23031 -477.96961 -484.79546 -488.14275 -479.2247 -475.87208 -473.9936 -476.73649 -477.41268 -484.229 -488.78689 -483.57281 -487.04823 -491.79749 -495.49181 -508.18091 -515.76136 -511.44966 -504.45576 -503.70477 -500.69862 -502.37205 -493.65465 -491.63558 -493.72308 -499.24219 -492.06873 -485.43063 -482.78157 -477.7755 -470.07659 -462.97174 -458.88177 -456.70329 -454.33584 -457.37473 -457.0402 -447.96628 -447.63392 -435.64347 -424.63088 -414.28183 -403.4664 -395.91906 -386.35171 -385.34737 -390.83727 -397.31182 -389.58779 -379.89003 -377.48405 -389.8575 -401.60751 -404.28022 -412.13382 -413.68608 -401.97154 -392.8923
-488.31542 -489.0633 -496.87615 -504.9326 -496.80161 -493.33466 -494.13523 -494.01872 -492.66279 -491.77917 -493.80468 -490.14871 -487.09368 -495.31425 -506.57989 -515.61977 -527.85035 -525.47016 -526.01153 -523.58688 -518.42726 -510.57329 -505.86132 -504.53226 -505.03594 -504.50593 -505.98749 -499.37864 -493.36012 -490.81529 -488.87803 -477.48116 -466.57337 -460.78898 -462.3296 -468.09824 -460.33904 -447.9057 -445.87703 -436.45308 -430.85923 -419.80596 -405.31755 -395.76322 -397.69551 -386.13641 -386.41151 -384.46029 -373.54209 -365.31833 -368.85296 -381.93386 -391.6768 -392.44847 -390.61277 -398.69054 -396.54177 -404.96287
