data/dGb255_Merc_dx20km.grd
DSAA
546 701
-5455000 5440000
-7240000 6760000
-661.61178 691.21819
[rows 260 to 285 of 701, columns 174 to 231 of 546]
-76.287625 -75.697225 -78.002537 -76.950975 -73.880181 -73.483093 -74.962592 -74.36987 -74.005455 -73.259898 -70.617196 -67.173204 -64.287189 -62.876216 -61.768838 -60.906128 -61.74366 -59.615832 -52.031284 -38.967088 -24.344088 -7.3323724 15.54058 47.401659 86.454327 130.11686 177.51154 219.75471 251.81351 273.528 285.56873 289.7518 286.64326 275.1187 251.8418 216.44004 169.9238 126.93431 95.253125 73.005294 57.675371 45.935798 39.798262 38.027267 39.141088 43.280171 49.779074 55.963803 59.337878 61.214975 63.283032 65.462961 67.075843 68.907112 70.210933 68.269522 66.24248 66.014996
-81.490767 -82.764234 -82.213106 -78.510994 -74.269541 -72.30777 -71.868429 -70.731468 -69.509281 -67.682699 -65.673664 -63.0562 -61.613647 -61.126158 -60.062588 -60.469205 -62.092149 -59.17859 -50.717152 -37.802483 -23.506345 -7.1647034 15.838531 47.513594 84.997594 125.33803 169.02501 210.76799 244.06519 266.98802 280.46344 286.00921 283.18316 270.67531 245.71065 208.84832 163.17452 122.20749 91.45097 69.114202 53.525339 41.596941 35.357851 33.958993 37.370597 43.868517 51.29958 57.426689 60.921619 62.997566 64.960575 67.215252 68.166006 69.430249 72.042688 72.209759 70.768413 69.485478
-88.143891 -89.90206 -84.655875 -78.467718 -73.113118 -69.137608 -66.906515 -65.781587 -64.596062 -62.624388 -61.756803 -60.032857 -58.652086 -59.532135 -60.619681 -61.800512 -62.599719 -58.023886 -47.500036 -35.26974 -22.350449 -6.2476537 16.738843 45.688921 79.195405 114.47853 154.77383 194.56223 227.65316 252.00163 266.62204 272.25314 268.96744 255.52142 228.34945 190.19019 148.10655 112.29443 83.983502 62.746759 47.983763 36.583199 30.545568 30.226531 34.673941 40.740509 47.543109 54.840008 60.561592 64.616803 67.317826 69.137113 70.135133 71.130273 73.089027 74.641198 74.376332 73.867038
-90.538636 -89.608923 -84.015772 -77.957253 -71.042993 -62.189017 -58.449575 -59.794854 -62.474701 -61.630204 -60.569879 -58.824477 -55.779838 -56.133882 -58.892708 -60.817509 -61.053911 -55.20303 -44.371831 -33.024054 -21.715663 -5.7071399 16.68195 43.357963 70.936953 100.70579 135.30967 170.38096 201.67932 226.00972 240.6397 246.19759 241.88464 226.85131 198.60899 163.72329 129.3758 99.496844 73.769665 53.960418 39.648308 29.980749 26.130383 27.697352 31.924573 37.566227 43.430987 50.985138 58.329575 63.811249 66.34887 68.232254 69.305847 70.339983 72.197405 74.636259 76.856812 77.570588
-87.122145 -82.844676 -79.71371 -74.828825 -67.600282 -57.894539 -51.091551 -52.244996 -57.877055 -57.911119 -55.359849 -50.438742 -45.246284 -43.579013 -47.069641 -52.816666 -54.524994 -50.511337 -41.463089 -30.924955 -20.418292 -6.0105808 13.303843 35.874234 59.049566 83.13952 110.99802 138.99376 165.31337 186.67614 200.57803 206.54509 201.32992 186.16134 162.48666 136.73288 110.85667 86.376715 63.773782 44.973063 31.842116 25.087132 23.928122 27.260338 32.641409 40.124829 48.058138 55.014809 58.988603 61.817829 63.349894 64.231193 64.93746 67.596779 70.898536 74.225972 77.248695 78.893426
-77.92387 -73.070908 -72.281334 -68.472242 -61.365432 -51.952871 -46.710733 -46.232519 -49.432353 -49.669254 -44.217666 -36.586488 -30.438145 -27.857817 -31.194759 -40.116442 -46.250299 -45.159077 -38.760663 -28.340184 -18.163098 -6.0348025 8.9906954 25.706936 43.421692 62.000263 82.612242 103.99541 123.78473 139.90874 153.0546 159.52977 154.42196 143.33878 128.70166 111.81942 93.372872 74.189278 53.990009 38.022677 29.587771 26.589959 27.099803 31.143838 38.979223 49.75721 58.367475 62.012858 62.803917 63.705021 62.448024 61.264052 62.050264 65.351343 70.082512 74.551579 76.995967 77.787749
-65.286207 -60.690579 -59.84004 -57.173631 -52.515923 -46.785554 -44.216096 -41.68801 -41.387273 -39.719401 -33.061198 -25.311761 -19.255099 -16.784469 -19.266474 -27.551655 -36.745719 -39.876714 -36.531659 -25.79598 -15.8074 -6.0406424 4.5198003 15.852949 28.946723 42.324431 55.749154 70.166446 84.628456 98.406747 110.4008 117.14569 115.69316 110.21546 102.33936 91.525791 79.701244 64.97551 47.852574 37.238814 34.126093 33.158464 33.480628 38.325085 47.771949 58.366029 66.020415 67.799295 67.819124 67.032272 63.965748 62.230212 63.168834 65.837859 69.470497 73.96507 75.614862 75.099633
-57.989674 -52.172692 -49.335589 -47.38952 -42.225386 -37.830051 -37.668008 -34.927864 -33.753307 -32.18652 -26.137524 -19.675708 -13.898757 -10.637723 -11.993272 -17.298732 -24.537404 -30.481283 -31.630448 -24.061148 -15.924081 -8.3034148 -0.2335388 7.8336299 16.605076 24.290829 31.157057 39.213905 50.216808 63.266474 75.172278 81.926747 83.37946 82.824633 80.321426 74.076674 67.074742 57.094713 46.963436 42.53689 42.045888 40.801126 41.529748 46.030966 53.303605 62.695949 70.950277 73.681636 73.332786 71.100504 67.715076 65.711552 66.180981 67.478328 69.750133 73.210629 74.121288 72.424809
-59.040692 -55.076797 -50.503039 -45.711035 -39.027266 -32.779464 -30.512094 -28.894479 -29.510437 -29.271732 -24.111101 -17.939183 -12.194212 -8.5943784 -9.0669217 -12.204351 -16.765918 -22.564431 -25.50702 -22.233229 -17.424622 -11.369809 -4.595922 1.3991312 6.0533334 9.8875307 14.255297 20.033416 28.889186 39.829895 50.697846 57.566099 60.603995 62.746483 64.111687 62.300142 57.172499 51.44404 48.36014 48.16496 47.781255 46.477657 48.17688 50.700109 55.293534 64.32478 72.589606 75.419251 74.576793 72.449176 70.129316 68.748586 68.216468 68.312171 70.444269 73.298878 74.458555 72.228294
-64.88506 -63.191284 -59.105817 -51.908379 -42.959814 -33.122518 -25.12107 -22.58615 -25.050408 -27.698209 -25.095883 -18.99317 -12.242036 -7.742963 -7.9108747 -9.3389012 -10.949463 -15.855175 -19.042611 -18.089576 -15.849733 -12.416533 -8.6058909 -6.0237115 -5.7469426 -4.7219551 -1.1686539 3.4455333 9.5140236 17.103496 25.314314 31.828311 37.757041 45.146071 50.347111 51.322275 48.871133 47.908768 49.512805 51.050076 50.964461 50.896627 52.164017 53.046854 57.609523 66.855926 73.165474 75.281827 75.198966 73.580717 73.005106 72.248169 71.221246 70.607585 72.198214 74.138274 74.339204 70.832329
-72.24438 -71.268322 -67.132183 -57.820033 -46.356899 -33.380553 -21.955043 -16.067874 -18.612638 -23.46567 -24.503399 -20.518889 -13.418056 -7.953681 -7.4188271 -7.2420379 -5.2882645 -8.1531381 -11.649554 -11.774312 -10.819238 -10.367206 -10.158937 -10.958586 -12.759554 -13.734844 -11.828098 -7.6319873 -2.3711415 2.7783343 8.5346209 15.424635 23.763741 32.694241 39.546191 42.671477 44.722047 48.152855 50.838558 51.559502 52.425023 54.01988 54.926333 55.993891 61.843926 71.161596 76.184674 76.763009 77.083029 74.905239 73.05423 73.089205 73.734232 73.433091 73.620627 73.551768 72.22773 68.614916
-82.047981 -78.881746 -69.343465 -57.128489 -44.87669 -33.357343 -21.910179 -12.442279 -12.727115 -17.490503 -18.244822 -15.861561 -10.831223 -5.2704996 -2.7347712 -1.7802864 -0.78020629 -3.9400337 -4.189962 -1.3802148 -3.5109178 -7.525952 -10.435252 -14.00504 -16.983088 -19.604852 -19.100035 -15.53076 -10.608555 -5.8879689 -0.9144658 6.1871574 13.45259 21.714284 30.621415 37.086802 44.558138 51.791826 53.589407 52.876879 55.11497 58.042138 59.290272 60.787128 66.662286 74.432957 78.190905 78.155705 78.587108 75.000876 70.292934 71.233948 74.529771 74.514536 72.101138 69.409294 66.85896 65.797717
-84.410989 -76.49667 -62.820648 -47.702284 -35.604909 -27.798665 -19.222859 -8.9161738 -5.3665396 -8.1510424 -8.6319141 -5.0574023 0.68456889 6.8072217 9.1307029 5.9127179 -1.1411417 -7.1303398 -3.9995992 1.2144231 -2.2610049 -7.5588641 -11.402635 -15.170205 -18.888857 -22.451112 -22.990485 -19.523725 -14.757531 -9.3281462 -3.6240977 3.21337 8.8831376 17.522679 28.128797 37.448319 47.394283 54.098334 55.814815 55.414406 57.313883 59.029661 59.858725 62.541417 68.148004 75.128925 78.354959 77.99296 76.448766 74.149073 70.284249 69.872018 71.993569 70.575097 67.241366 64.438551 61.721576 60.15308
-77.320853 -64.208432 -51.08988 -35.936333 -22.677771 -14.106188 -3.7890854 6.4923487 9.4546979 5.2910542 3.4234011 6.4448939 12.005771 16.014358 15.604795 7.5271336 -4.6203809 -12.702275 -11.178925 -6.863203 -7.3539833 -9.8519306 -12.17343 -14.989035 -18.614864 -22.76441 -23.076934 -20.376301 -16.309155 -10.036929 -4.4299723 2.6639745 8.8369038 18.307659 29.812055 41.138769 51.088314 56.15356 58.248038 57.21893 57.816633 57.707308 57.164113 61.219617 68.440582 75.332635 78.135479 77.746944 74.034815 71.929221 69.239735 67.313164 68.076777 66.076532 62.856527 59.948216 56.034747 53.015785
-64.78538 -48.401152 -34.480499 -19.931807 -6.5516677 4.3079218 14.087054 21.486931 24.667979 20.607317 12.665631 11.023177 12.941158 12.12243 9.2864414 1.4646491 -9.012784 -15.502321 -15.986414 -14.056909 -12.150209 -11.82162 -12.170697 -13.228996 -15.627661 -17.979311 -16.487563 -17.494241 -16.842931 -10.18313 -5.1299703 1.8314821 10.701827 21.542328 32.87584 45.531134 55.442228 61.030899 63.61284 61.749016 59.498856 56.7818 53.961197 56.860942 63.936918 70.712677 74.479456 74.880262 72.311064 68.93199 65.663502 62.726817 62.078219 61.694983 57.465802 54.177301 49.155891 45.032502
-56.761378 -38.441492 -22.575597 -7.4407465 6.4737897 16.70013 23.713958 29.561592 32.020606 27.17993 15.114392 7.3559192 1.8602176 -3.0539817 -5.1483699 -6.9285967 -13.07833 -18.465419 -19.852534 -19.716782 -16.819535 -12.939824 -12.976453 -12.874937 -12.682617 -11.244411 -8.5440247 -13.909221 -15.235352 -8.212905 -2.0153054 4.6084778 13.718872 24.17757 36.402716 50.060684 59.717025 66.549198 70.80069 70.092291 66.474651 60.255474 53.81834 53.700913 57.247446 62.534506 67.136317 68.489558 67.576784 63.047694 59.081727 56.574914 54.120229 53.151797 49.383652 44.81135 40.260696 35.549348
-55.317962 -35.947408 -19.108228 -4.8305865 9.0805248 19.967194 26.066938 31.19876 33.25244 27.080497 11.911082 -1.1449829 -10.557534 -17.164545 -17.562052 -15.138669 -17.740884 -24.079243 -25.948868 -23.105565 -19.31487 -15.251736 -14.89523 -14.497669 -14.554986 -13.263698 -10.386601 -9.8614198 -6.415883 -2.1542715 2.9010958 8.26963 16.886304 27.938165 42.193138 54.496111 63.550997 71.133328 76.303396 76.960468 71.864931 63.025128 54.910876 52.481702 52.958156 55.772653 58.867892 60.290932 61.518871 58.13374 52.257553 48.370948 46.548406 44.3601 41.02623 34.60381 28.946259 27.752324
-59.432507 -40.342221 -23.763767 -10.632257 1.6445616 12.124114 18.817491 23.225432 25.083121 18.288113 3.5622941 -10.876953 -21.439918 -29.930228 -31.513942 -26.353754 -24.075137 -26.916901 -26.599193 -22.215838 -18.628181 -15.888166 -17.20069 -19.243237 -20.934783 -18.215151 -12.579423 -4.0890675 2.9065739 4.6156532 7.6208195 11.049263 19.373153 31.580555 46.085192 58.049952 67.971568 76.482856 79.817823 78.911256 71.51065 62.423447 54.779186 51.206121 49.541348 50.159461 51.305515 53.164355 54.94641 52.743964 47.534589 42.439842 39.792142 36.977689 32.578335 27.723811 24.538537 25.012459
-65.86744 -47.150282 -31.664658 -19.962538 -10.847813 -3.0631874 1.5294098 4.2201466 6.7452173 1.4855527 -11.843792 -23.674238 -35.587366 -45.060814 -46.29123 -39.888249 -35.290886 -31.681696 -29.309773 -23.455446 -17.664753 -14.763259 -19.207673 -23.336925 -22.935204 -19.04 -11.995692 -0.75025097 8.6597695 10.55562 11.718779 12.485718 19.928675 30.770799 44.595999 57.985549 68.765904 77.388863 79.744121 77.792898 69.31439 60.657438 53.74344 49.848492 48.046795 45.797629 45.467649 47.422982 48.919328 46.277367 41.767908 37.207137 33.389547 31.391893 28.271149 27.264664 27.705001 28.281879
-74.703952 -56.781034 -43.304693 -34.373484 -27.878803 -22.206876 -18.520705 -15.29107 -13.123433 -20.016451 -30.811773 -39.663973 -51.079777 -60.531914 -59.329856 -53.486153 -47.805539 -41.706628 -34.782172 -26.691522 -21.462883 -16.975449 -17.950829 -22.044062 -20.746119 -16.172769 -7.8279375 -1.4375954 5.7417112 9.8948935 10.093721 11.012317 18.006145 27.039288 42.162789 56.557698 69.097856 76.095534 78.529264 77.134368 69.446073 59.35127 53.191929 49.894674 47.108683 41.990269 39.55802 41.228349 43.20917 42.358292 38.08355 32.477405 29.880667 29.807729 29.158229 30.610501 31.92529 31.060757
-82.00389 -69.910364 -58.882879 -52.252568 -47.513803 -42.126446 -38.031601 -35.61391 -35.499718 -41.506638 -47.799467 -55.100329 -65.854781 -71.748149 -68.923073 -62.512421 -57.337417 -50.810933 -41.645581 -32.368 -24.071407 -20.240173 -20.157859 -21.619843 -20.352585 -16.118467 -8.7654902 -4.7570554 -0.49645798 4.1601022 7.8436828 10.552423 15.942183 23.589377 36.850234 50.6754 64.110232 71.602225 75.726508 74.545006 67.71058 58.425497 53.61184 49.064977 43.388578 37.270522 31.461473 32.228063 37.908968 40.223761 36.906987 31.713643 31.136789 32.180895 33.320367 36.289972 38.005018 34.811709
-81.491206 -78.692316 -72.797004 -67.275662 -61.827266 -55.891593 -52.357319 -51.708343 -51.867128 -53.683848 -58.598607 -67.143162 -75.24142 -77.350599 -71.68837 -63.887591 -59.877328 -55.407883 -48.3706 -40.075707 -31.484272 -27.944116 -27.743751 -26.50116 -23.336016 -17.865627 -10.389362 -6.7151403 -0.25529892 5.6261318 9.5194212 13.253097 18.351629 24.775865 33.268678 41.957174 53.27099 63.605493 69.925508 69.029012 63.393466 57.574763 53.010728 48.597352 42.802079 36.901815 30.258002 29.820939 37.174655 41.394113 37.172646 32.179508 34.491812 37.64442 41.022639 43.796053 45.556441 41.727585
-77.013168 -80.033116 -80.638404 -77.299891 -71.524558 -66.30716 -63.468194 -63.182535 -63.794821 -65.884319 -70.652271 -76.144922 -78.413018 -76.136389 -68.516171 -61.736735 -58.50792 -55.740124 -51.688441 -47.797438 -44.846176 -41.935404 -38.40083 -34.355833 -29.157877 -20.466697 -13.070557 -9.2397139 -1.7145407 6.1815277 9.9450654 12.632871 16.603637 23.307781 28.374791 31.218755 39.895981 50.330491 59.689273 60.649188 55.546082 50.78474 46.847879 42.554631 39.128 34.962912 29.921593 29.985174 37.282174 42.624041 38.255056 34.836484 37.542953 41.891789 46.447359 50.576109 52.403858 48.761261
-69.887958 -74.834087 -76.885518 -76.545335 -74.557316 -72.489903 -71.271511 -70.41067 -69.870472 -72.761381 -76.480118 -77.0125 -73.899591 -69.964614 -65.104903 -58.787758 -53.511179 -51.594462 -51.228114 -51.425637 -52.417892 -52.538071 -49.225176 -41.457918 -31.962725 -21.416674 -14.742043 -11.173907 -4.1504901 2.0470369 6.7399891 7.5402023 10.368088 15.801899 16.929485 19.905941 28.707621 38.165208 47.618913 50.241971 46.227081 42.813691 37.045424 31.22857 29.25445 25.674217 24.074842 27.03101 34.264077 39.136856 37.386346 37.091177 38.839356 43.228137 48.151449 52.907859 54.870948 51.780901
-60.379923 -63.797409 -66.008544 -66.95623 -69.767907 -72.363268 -73.717247 -73.260406 -71.634925 -71.927488 -72.832965 -71.130386 -67.181666 -63.338536 -58.936317 -49.693976 -41.352863 -42.293259 -48.526738 -52.720411 -54.486826 -55.920347 -52.908941 -43.816067 -32.371618 -21.770388 -13.58979 -10.206442 -7.1970945 -0.69309267 1.9435041 1.9637787 4.8025788 8.7681959 7.4736286 7.9716711 16.034028 27.805114 33.429051 35.112173 33.839194 32.591322 25.81766 20.880377 17.032985 12.671513 11.969079 18.3704 24.975449 28.226277 30.608339 33.684107 35.807757 41.244032 47.641095 51.954037 52.840813 50.189147
-54.810006 -56.735726 -57.596576 -58.473624 -63.54866 -67.191138 -70.536563 -73.327797 -71.59502 -69.890024 -68.022414 -64.999986 -59.579744 -54.390829 -47.834793 -35.979656 -27.968877 -32.678678 -44.555859 -52.691284 -54.038124 -54.305861 -50.853965 -42.1299 -32.58457 -23.507206 -16.692699 -11.950708 -8.8588611 -3.9346175 -3.6997989 -2.2609858 1.5050146 5.3164641 0.48136762 -2.4890408 2.6710622 12.647028 17.900149 21.530162 22.838036 23.139613 18.012186 12.311624 6.2835486 3.12549 3.3070069 8.1772496 13.232994 15.827522 20.30562 24.367153 27.444287 33.365028 42.131161 47.836926 48.807929 46.765622
