data/dGb255_Merc_dx20km.grd
DSAA
546 701
-5455000 5440000
-7240000 6760000
-661.61178 691.21819
[rows 546 to 571 of 701, columns 348 to 405 of 546]
62.076036 60.407205 58.85977 57.476257 56.166786 55.220941 54.934981 55.258906 55.918974 56.796021 57.822443 58.936894 59.905882 60.451612 60.662158 60.696628 60.594671 60.206026 59.592632 58.847639 58.488645 58.728999 59.789125 61.26734 62.93488 64.660781 66.625334 68.963501 71.681795 74.603623 77.731933 80.645989 83.288014 85.509533 87.835096 90.004807 91.628906 92.517613 92.705104 92.58365 92.536203 92.357408 91.898494 90.908673 89.96982 88.893091 87.764682 86.318351 84.580263 82.401843 79.656861 76.192701 72.331801 68.032319 63.833017 59.848063 56.654201 53.909187
64.666524 63.094931 61.649813 60.412985 59.119546 58.052436 57.654926 57.939592 58.658856 59.552805 60.561163 61.614227 62.480919 62.901475 63.02308 62.994793 62.855792 62.451608 61.854579 61.115641 60.67169 60.798579 61.73901 63.190965 64.941931 66.856263 68.924184 71.192972 73.545738 75.968993 78.581326 81.021158 83.551702 85.967801 88.568651 90.950094 92.567723 93.316933 93.223111 92.865539 92.711642 92.389456 92.028079 91.255823 90.446741 89.404647 88.193637 86.621975 84.798094 82.545711 79.812118 76.239224 72.234909 67.903968 63.800736 60.115461 57.08935 54.373669
67.09302 65.634141 64.306478 63.104078 61.797374 60.703974 60.305043 60.67998 61.504574 62.539188 63.607982 64.619935 65.354303 65.562569 65.525555 65.41179 65.285798 65.015979 64.64526 64.134593 63.686717 63.701098 64.497093 65.876713 67.747699 69.827939 71.815147 73.705488 75.506681 77.380287 79.384816 81.433988 83.876438 86.45462 89.278528 91.718801 93.255721 93.87145 93.639296 93.153503 92.809626 92.359863 92.089257 91.451255 90.778664 89.808018 88.57323 86.943387 84.981306 82.547553 79.711838 75.965976 71.916462 67.764382 63.836679 60.641451 58.030447 55.619963
69.125886 67.819603 66.612458 65.445754 64.156682 63.119688 62.794433 63.228768 64.108592 65.270359 66.453297 67.502553 68.136172 68.105316 67.86573 67.671953 67.533767 67.412811 67.281779 66.992661 66.619066 66.631611 67.362264 68.759519 70.745388 72.87624 74.685112 76.09406 77.280935 78.567943 80.060599 81.928634 84.303443 86.886682 89.735213 92.150652 93.602897 94.052817 93.731422 93.157574 92.743841 92.259767 92.008789 91.474779 90.925611 90.071175 88.898106 87.245956 85.134059 82.501836 79.51815 75.642895 71.598003 67.687646 63.988546 61.33228 59.193618 57.210044
71.248652 70.202554 69.209228 68.109882 66.840993 65.874181 65.614059 66.075946 66.975752 68.197434 69.546775 70.610284 71.090615 70.879808 70.47496 70.192225 69.987096 69.894468 69.826903 69.647211 69.388968 69.480926 70.211558 71.718975 73.705103 75.653942 77.205305 78.127842 78.65208 79.325236 80.467532 82.2689 84.599841 87.160571 89.978272 92.322243 93.6312 93.978789 93.627503 93.007562 92.591144 92.00419 91.763175 91.359979 90.883851 90.206676 89.189851 87.570438 85.290574 82.484208 79.333038 75.430768 71.467894 67.813468 64.487108 62.33225 60.564108 59.02395
72.574477 71.808615 71.09697 70.105204 68.780135 67.755398 67.495603 67.949347 68.839988 70.083272 71.497966 72.510587 72.896264 72.656186 72.244147 71.94777 71.706505 71.524814 71.368663 71.18562 70.933719 71.0315 71.710515 73.166413 75.023176 76.802791 78.093085 78.630087 78.795853 79.210303 80.304689 82.189306 84.598353 87.199575 89.938812 92.150147 93.358095 93.618709 93.232745 92.741332 92.455137 91.796506 91.543351 91.207348 90.729833 90.142952 89.234016 87.664015 85.337282 82.503622 79.275442 75.525144 71.708296 68.201524 65.194211 63.273665 61.640996 60.268709
73.446698 72.934529 72.47871 71.660608 70.340268 69.222476 68.910743 69.342166 70.219491 71.460104 72.828762 73.760381 74.10461 73.959708 73.737114 73.511908 73.263776 73.008552 72.734033 72.405628 72.038848 72.065312 72.517335 73.609926 75.126612 76.634966 77.557503 77.795237 77.830431 78.240047 79.561952 81.709211 84.267571 86.929073 89.501066 91.457214 92.610079 92.869003 92.509038 92.279615 92.299723 91.695703 91.37742 91.049019 90.495768 89.898814 89.016577 87.48534 85.262729 82.492873 79.255885 75.798003 72.234016 68.987041 66.280347 64.393708 62.763846 61.342184
73.633688 73.177997 72.800058 72.113152 70.95988 69.977837 69.737729 70.215823 71.071339 72.259018 73.518356 74.342086 74.705024 74.77961 74.848709 74.775825 74.605659 74.354714 74.000307 73.486278 72.911715 72.640849 72.658142 73.237825 74.232435 75.272099 75.827717 75.932241 76.033878 76.726766 78.430739 80.852242 83.574914 86.214654 88.528664 90.227015 91.300513 91.655022 91.582357 91.693647 92.039283 91.676365 91.329264 90.920756 90.253727 89.614227 88.663125 87.083347 84.956004 82.292253 79.172577 75.994497 72.715463 69.787535 67.260463 65.272288 63.502503 61.816542
73.336873 72.783593 72.301808 71.689801 70.876829 70.303138 70.258405 70.789576 71.615264 72.692973 73.775766 74.501422 74.95341 75.259417 75.601956 75.779846 75.812329 75.675415 75.30413 74.593007 73.718042 73.03054 72.576854 72.589405 72.930778 73.453355 73.793217 73.907963 74.212044 75.307095 77.288662 79.853268 82.657077 85.183444 87.275564 88.826033 89.792514 90.274002 90.664077 91.111245 91.666362 91.640332 91.370293 90.852744 90.041732 89.251047 88.149012 86.472708 84.313577 81.737231 78.802155 75.859198 72.838175 70.118019 67.62559 65.41558 63.404143 61.39499
72.799415 72.155879 71.552283 71.049567 70.629275 70.459678 70.574914 71.091101 71.843142 72.731891 73.586724 74.260158 74.816184 75.30456 75.902302 76.371683 76.659518 76.731911 76.408724 75.49078 74.269533 73.236608 72.471833 72.098777 71.977651 72.071706 72.250091 72.473764 73.062097 74.450452 76.539325 79.082536 81.762342 84.163095 86.10378 87.497051 88.42047 89.057442 89.722538 90.331015 91.079285 91.424787 91.304196 90.71721 89.738583 88.704037 87.328748 85.457177 83.22381 80.710174 77.939486 75.192473 72.360512 69.75231 67.202949 64.648484 62.341253 60.016653
72.185097 71.507763 70.89625 70.521647 70.375982 70.480281 70.730751 71.194833 71.808428 72.496076 73.162627 73.789221 74.402673 74.977039 75.662296 76.310089 76.821005 77.06656 76.799233 75.806358 74.415034 73.234048 72.382102 71.925156 71.7211 71.68204 71.798164 72.091284 72.821202 74.259375 76.241935 78.580819 81.011675 83.232785 84.98958 86.242581 87.15184 87.881091 88.668728 89.381829 90.245894 90.708241 90.666761 90.121397 89.019017 87.746636 86.084792 84.014375 81.716358 79.206514 76.576616 73.989842 71.261376 68.685278 66.060455 63.27785 60.755485 58.193191
71.564319 70.903677 70.341753 70.058096 70.065846 70.350114 70.739602 71.210845 71.742335 72.285743 72.808947 73.36793 73.97486 74.553479 75.180545 75.80575 76.343883 76.613015 76.3532 75.414079 74.144684 73.094136 72.360856 71.981018 71.840672 71.855988 72.038445 72.383826 73.101117 74.377749 76.072537 78.092234 80.246469 82.250997 83.843057 85.005971 85.849787 86.613315 87.462844 88.161709 88.965333 89.346647 89.292971 88.84614 87.736396 86.331736 84.553109 82.413076 80.043961 77.50463 74.994471 72.519148 69.87476 67.335362 64.710178 61.870474 59.226545 56.5821
70.945085 70.338015 69.787329 69.533988 69.651103 70.09735 70.64139 71.190846 71.712078 72.163929 72.581957 73.063411 73.587688 74.08584 74.587896 75.060448 75.46167 75.635266 75.354056 74.558121 73.576855 72.780887 72.279496 72.09412 72.104454 72.263356 72.552927 72.94336 73.560894 74.51894 75.836021 77.521292 79.367507 81.095091 82.470356 83.513386 84.352974 85.185716 85.992438 86.500885 87.071003 87.300221 87.174248 86.827516 85.84694 84.473707 82.728758 80.611843 78.241384 75.707063 73.233851 70.818265 68.284916 65.825399 63.272237 60.4729 57.817029 55.230003
70.172598 69.615212 69.093475 68.896029 69.109454 69.65065 70.290955 70.925526 71.49283 71.933367 72.273705 72.647365 73.066152 73.470415 73.836727 74.12976 74.299803 74.249168 73.925676 73.366712 72.768696 72.320423 72.138562 72.150904 72.321671 72.666094 73.052392 73.495561 74.050984 74.690843 75.573289 76.866621 78.316355 79.667727 80.718816 81.601421 82.435974 83.212904 83.877975 84.197538 84.415885 84.406138 84.244238 83.997226 83.215907 82.053777 80.455786 78.392282 76.135974 73.664139 71.192009 68.850175 66.41207 64.066347 61.628859 58.944273 56.46523 54.036809
69.554903 69.042096 68.588248 68.410886 68.593032 69.110953 69.766481 70.407922 70.957533 71.371383 71.709043 72.087794 72.499042 72.870122 73.153166 73.323434 73.336469 73.159095 72.831968 72.406038 72.044644 71.856058 71.840954 71.924301 72.178136 72.631971 73.12512 73.649516 74.193262 74.722453 75.473955 76.568845 77.721582 78.71939 79.434779 80.043143 80.709001 81.316786 81.770596 81.877573 81.914736 81.890762 81.798248 81.658351 81.032002 80.041977 78.604755 76.65002 74.504233 72.088519 69.672883 67.364064 64.912205 62.671924 60.357654 57.79126 55.467792 53.165093
68.938334 68.462746 68.071079 67.870952 67.948796 68.336521 68.85891 69.380452 69.841697 70.216777 70.607513 71.087686 71.586802 71.990093 72.236286 72.308692 72.195741 71.930254 71.581709 71.209695 71.029005 71.048583 71.129913 71.274408 71.599663 72.137373 72.817359 73.524451 74.100371 74.596651 75.287499 76.210167 77.065164 77.70064 78.009577 78.168036 78.486875 78.8475 79.010813 78.874832 78.835627 78.839451 78.8181 78.87099 78.443314 77.543639 76.262429 74.531691 72.556314 70.224331 67.901757 65.657638 63.22164 61.039664 58.792106 56.367787 54.193284 52.036943
68.504327 68.093836 67.698708 67.375889 67.249186 67.368239 67.607498 67.910925 68.252681 68.61253 69.088115 69.696992 70.331937 70.818357 71.067331 71.08604 70.906632 70.575903 70.186708 69.816342 69.684325 69.789947 69.967478 70.185153 70.547414 71.193833 72.107089 73.06959 73.840286 74.396411 74.961769 75.667431 76.238116 76.529088 76.454767 76.162742 76.068824 76.119113 76.002261 75.67384 75.584259 75.611722 75.629424 75.795284 75.525324 74.71912 73.60734 72.13638 70.398679 68.29684 66.103684 63.901107 61.544821 59.368057 57.132216 54.857289 52.765279 50.697634
68.311851 67.932727 67.473149 67.020383 66.725043 66.648996 66.709569 66.881044 67.158842 67.546594 68.104631 68.76968 69.417843 69.889966 70.116954 70.117587 69.923613 69.575418 69.186503 68.829465 68.690006 68.80953 69.056378 69.338142 69.762896 70.546002 71.616271 72.729457 73.652991 74.254405 74.7201 75.265405 75.612393 75.671465 75.399428 74.880435 74.556797 74.425749 74.167145 73.747664 73.597506 73.591143 73.555252 73.670678 73.459896 72.754801 71.77642 70.471611 68.913082 67.043926 64.974092 62.802655 60.526609 58.364113 56.132575 53.912899 51.846906 49.814029
67.970653 67.565186 66.979167 66.371651 65.885974 65.60435 65.497376 65.560481 65.822594 66.302596 66.973353 67.645503 68.163875 68.47054 68.600296 68.579503 68.410022 68.115871 67.791977 67.496317 67.388594 67.535377 67.869032 68.291684 68.869139 69.813655 71.021909 72.258878 73.307545 73.987688 74.42482 74.768779 74.738216 74.465293 73.971482 73.190824 72.617779 72.348283 72.01247 71.550159 71.302696 71.130921 70.884253 70.838132 70.663631 70.101252 69.328258 68.259626 66.942451 65.395592 63.533918 61.459894 59.30104 57.188277 55.000181 52.79713 50.733524 48.72074
67.449443 67.000883 66.367048 65.726619 65.191925 64.845699 64.684419 64.725126 65.024709 65.570421 66.264064 66.878727 67.254861 67.404618 67.438873 67.401663 67.288446 67.093528 66.86366 66.659292 66.640116 66.846639 67.254981 67.805252 68.465452 69.390946 70.585164 71.841361 72.922 73.6885 74.188608 74.409468 74.105964 73.578007 72.903316 71.942809 71.226791 70.936017 70.646067 70.24099 69.951657 69.621895 69.220048 69.07793 68.892886 68.418253 67.802187 66.875675 65.696265 64.319676 62.59366 60.63124 58.543204 56.476209 54.372589 52.172233 50.070054 48.038291
66.349576 65.943444 65.357832 64.778681 64.30818 64.029639 63.911004 63.95323 64.232998 64.756476 65.405089 65.932885 66.19336 66.254763 66.241102 66.214347 66.184613 66.115918 66.045697 66.021924 66.158243 66.486818 66.982276 67.584559 68.208285 69.012515 70.109653 71.33188 72.399563 73.193813 73.688236 73.807161 73.300466 72.490427 71.566965 70.457712 69.654652 69.361225 69.139599 68.825305 68.559646 68.211654 67.818861 67.631317 67.420672 67.065879 66.562814 65.667327 64.559118 63.269689 61.633587 59.819577 57.813589 55.796852 53.801809 51.586157 49.407308 47.379233
64.903303 64.650994 64.236946 63.833546 63.537153 63.377483 63.337565 63.41312 63.657174 64.102237 64.650712 65.106585 65.37383 65.511698 65.586501 65.619713 65.647068 65.67956 65.784077 66.01634 66.37274 66.816154 67.326373 67.821361 68.273264 68.845247 69.701325 70.775825 71.798543 72.585152 73.041199 73.059312 72.432775 71.479063 70.432382 69.262285 68.404061 68.069358 67.873419 67.668215 67.536353 67.303957 67.059177 66.993145 66.863115 66.564091 66.042376 65.105423 63.958617 62.604352 60.959257 59.250785 57.319686 55.319349 53.351962 51.127038 48.924342 46.909679
63.126027 63.056209 62.863911 62.699586 62.634603 62.651406 62.739482 62.888685 63.125016 63.495566 63.951437 64.397959 64.776616 65.073408 65.30208 65.446343 65.563363 65.709854 65.952773 66.382283 66.947445 67.518092 68.025346 68.37543 68.603952 68.897358 69.432494 70.226996 71.068538 71.737496 72.086284 71.992574 71.300639 70.321286 69.270203 68.139167 67.283822 66.904883 66.710931 66.60887 66.655556 66.630876 66.623942 66.785735 66.812985 66.578042 66.035982 64.997263 63.6869 62.195477 60.481169 58.75458 56.84614 54.86374 52.911323 50.710666 48.498756 46.485061
61.150205 61.269718 61.311419 61.381344 61.537269 61.750277 62.009628 62.285512 62.581314 62.969496 63.438053 63.965201 64.517419 65.018172 65.452978 65.742332 65.947599 66.188615 66.507589 67.010512 67.666213 68.29436 68.784242 69.003614 69.003618 69.042454 69.303837 69.808148 70.40627 70.857274 71.002217 70.783651 70.071835 69.115761 68.154405 67.15766 66.328704 65.926404 65.780845 65.777407 66.031709 66.325317 66.603566 66.988841 67.22463 67.112518 66.547478 65.336761 63.773324 62.077451 60.201937 58.354348 56.402585 54.38928 52.439681 50.293372 48.093721 46.120129
59.428132 59.703188 59.903055 60.116545 60.417639 60.788938 61.206375 61.624699 62.032864 62.526115 63.106446 63.774932 64.512486 65.202503 65.81989 66.242697 66.516574 66.796719 67.119098 67.595212 68.220089 68.818972 69.282409 69.448462 69.343367 69.247784 69.337386 69.624746 69.99632 70.192048 70.105272 69.774447 69.043515 68.114486 67.286461 66.443607 65.63527 65.255247 65.221393 65.318307 65.751498 66.344286 66.859862 67.412565 67.834353 67.820035 67.203982 65.845869 64.07018 62.150483 60.079568 58.109761 56.082499 53.979644 52.011481 49.91868 47.734431 45.797261
58.064876 58.45799 58.740354 59.019179 59.397682 59.879746 60.416903 60.964765 61.503158 62.132763 62.859268 63.686781 64.599651 65.441134 66.186455 66.715857 67.049699 67.33098 67.611776 68.023419 68.572548 69.108596 69.54111 69.717419 69.633998 69.515376 69.508446 69.629627 69.788146 69.732529 69.445272 69.018695 68.249571 67.349679 66.657277 65.944191 65.161365 64.845633 64.953962 65.157377 65.715633 66.512021 67.198684 67.885522 68.427499 68.434585 67.744186 66.295736 64.375061 62.262155 60.021212 57.955383 55.846967 53.641129 51.632812 49.570908 47.391619 45.453599
